94,3
94,2
94,1
94,0
0,338
0,399
93,4
0,395
93,3
93,2
93,1
93,0
92,5
92,4
92,3
92,2
92,1
92,0
91,4
91,3
91,2
91,1
91,0
90,4
90,3
90,2
90,1
90,0
89,4
89,3
89,2
89,1
89,0
88,3
88,2
88,1
88,0
0,316
0,490
0,489
0,276
0,275
0,496
0,441
0,440
0,439
0,438
0,437
0,436
0,272
0,271
87,3
87,2
0,12
0,10
0,435
0,8
87,1
87,0
0,434
0,268
0,267
0,266
0,265
0,264
0,263
0,262
0,261
0,260
0,495
0,259
0,258
0,257
0,256
0,255
0,254
0,253
0,252
0,251
0,250
0,247
0,246
0,432
0,249
0,500
0,248
86,4
0,429
86,3
86,2
86,1
86,0
85,5
85,4
85,3
85,2
0,407
85,1
85,0
0,459
84,4
84,3
84,2
84,1
84,0
83,4
0,452
83,3
83,2
83,1
83,0
82,4
82,3
82,2
82,1
82,0
81,3
81,2
81,1
81,0
0,492
43,730
43,720
43,4
43,6
43,3
0,293
80,3
80,2
80,1
80,0
79,4
79,3
79,2
79,1
79,0
78,5
78,4
78,3
78,2
78,1
78,0
0,337
77,4
0,425
77,3
77,2
0,424
77,1
77,0
0,421
76,4
0,416
0,413
76,3
76,2
0,411
76,1
76,0
0,410
0,408
75,4
0,405
75,3
75,2
75,1
75,0
74,3
74,2
74,1
74,0
0,336
0,335
0,334
0,497
73,3
73,2
73,1
73,0
72,4
72,3
72,2
72,1
72,0
0,307
71,5
0,301
71,4
71,3
71,2
71,1
71,0
70,4
70,3
70,2
70,1
70,0
0,269
69,4
69,3
69,2
69,1
69,0
68,4
68,3
68,2
68,1
68,0
0,427
67,3
67,2
67,1
67,0
0,482
0,464
0,477
0,481
0,478
0,479
0,475
0,470
0,468
0,465
0,404
0,333
0,402
0,332
0,457
0,455
66,3
66,2
0,397
66,1
66,0
0,394
0,331
0,330
65,4
65,3
65,2
65,1
65,0
64,5
64,4
64,3
64,2
64,1
64,0
0,329
63,4
0,279
63,3
63,2
0,277
63,1
63,0
0,310
0,309
62,4
0,303
62,3
62,2
62,1
62,0
0,296
0,294
61,4
61,3
61,2
61,1
61,0
60,3
60,2
0,282
60,1
60,0
0,328
0,327
0,326
0,325
0,324
0,323
0,322
59,3
59,2
59,1
59,0
0,426
0,483
58,4
